22 0.122 2
19 1.554 3
17 1.279 3
52 0.384 3
26 0.092 3
13 0.207 4
14 1.109 4
54 0.049 4
15 0.085 2
58 1.181 1
12 0.849 4
23 1.468 2
45 0.697 3
29 1.753 1
31 0.862 4
38 1.696 2
37 1.006 2
22 0.919 3
18 0.802 4
11 0.964 4
21 0.795 3
59 0.424 4
49 1.358 1
12 1.178 3
15 0.044 1
54 1.478 4
41 1.12 0
35 1.66 3
10 1.039 1
59 1.702 2
52 1.786 3
12 0.778 3
40 0.817 4
35 0.501 2
37 1.288 3
54 0.086 1
25 1.142 3
53 0.894 3
46 1.109 3
55 0.115 4
57 1.634 3
54 0.14 1
44 1.256 1
17 1.335 1
53 1.405 1
30 1.355 3
54 1.012 4
60 0.287 1
52 0.937 1
40 0.075 1
29 0.74 4
32 0.599 0
40 0.35 1
58 1.263 2
22 0.767 3
49 1.181 3
13 0.724 3
58 0.801 1
37 0.187 4
15 0.806 3
16 0.944 4
34 1.563 3
19 0.818 3
17 1.191 1
56 1.594 1
47 1.431 3
10 0.858 3
46 1.735 1
48 0.69 3
54 1.244 2
60 1.723 2
19 1.366 4
33 1.011 4
18 1.063 1
52 1.165 4
21 -0.003 4
13 1.745 0
35 0.356 2
59 0.876 2
24 0.598 2
58 0.565 4
44 1.594 2
29 1.617 4
46 0.402 3
47 0.798 3
13 0.037 3
52 0.012 1
56 0.519 1
50 0.468 4
29 0.218 3
32 0.022 3
46 1.794 1
55 1.758 1
26 0.032 4
32 1.218 3
39 1.422 2
59 1.0 3
56 0.827 1
57 1.187 3
34 0.596 1
60 0.247 2
53 1.683 0
37 1.643 4
10 0.224 1
21 1.611 3
54 -0.01 1
12 1.661 4
31 0.784 4
59 0.851 4
27 0.496 4
13 0.981 4
18 0.774 4
33 1.069 4
54 1.402 1
59 1.46 1
56 0.948 3
37 1.079 3
52 1.364 4
17 1.65 2
49 0.192 4
13 0.836 1
25 0.679 2
26 0.304 2
43 1.268 2
18 1.087 2
38 0.158 2
32 0.036 0
35 1.466 4
16 -0.004 2
49 1.067 2
38 0.461 2
16 0.306 2
48 0.596 4
21 0.999 1
23 1.124 4
14 0.721 2
17 0.24 1
22 0.077 3
11 1.316 3
50 0.865 4
46 1.453 1
47 0.937 1
46 0.271 2
33 1.248 1
35 0.917 4
23 0.673 2
36 0.906 4
12 1.351 4
50 0.599 3
15 -0.001 4
60 1.731 4
58 0.521 0
15 1.043 2
39 0.28 2
17 1.115 1
21 1.593 2
11 0.24 1
45 1.522 1
13 0.354 1
39 1.052 4
33 0.112 2
34 0.695 4
39 1.52 1
47 0.483 4
53 -0.006 4
40 0.267 4
38 1.079 3
11 1.065 2
46 0.794 2
59 0.868 3
22 1.434 4
38 1.226 4
17 0.893 4
14 1.55 4
31 1.774 2
17 1.573 4
53 0.196 0
21 1.451 4
53 0.629 2
53 1.185 1
51 0.787 4
42 0.739 3
38 0.993 4
48 1.11 1
34 1.679 1
59 0.13 2
47 1.128 4
39 1.117 3
52 0.86 1
41 0.364 2
32 0.269 3
34 0.926 2
29 0.362 1
55 -0.01 2
45 0.965 2
32 0.642 3
51 1.178 2
32 1.019 2
58 0.766 3
55 0.067 1
58 1.537 4
10 0.054 0
37 0.076 1
51 0.026 2
26 0.813 2
25 0.027 1
22 1.417 3
18 0.948 3
34 1.231 1
23 1.073 3
20 0.4 4
56 1.496 3
16 0.567 2
40 1.254 1
22 0.774 3
42 0.445 2
28 1.068 2
58 0.624 3
20 1.157 1
44 1.028 3
38 1.081 3
45 0.168 2
57 1.347 2
40 1.279 1
30 1.454 3
53 0.442 1
20 0.17 0
55 0.216 4
33 0.153 2
39 0.017 3
20 0.151 1
15 1.242 1
57 1.246 2
29 1.448 1
43 0.197 3
31 1.524 4
57 0.339 3
40 0.122 3
44 0.638 4
28 1.338 4
39 0.223 2
21 0.228 1
21 0.466 2
36 1.495 1
51 0.311 2
35 1.483 1
58 0.941 3
48 1.434 2
34 0.085 3
20 0.725 4
30 0.438 1
20 0.639 0
46 0.597 1
40 1.449 4
35 0.113 1
50 0.195 3
56 1.429 3
22 1.261 1
33 0.992 1
57 0.547 3
38 1.71 2
40 1.254 1
41 1.576 4
38 0.639 4
50 0.525 4
11 1.398 1
36 0.537 2
36 1.201 3
35 0.135 1
31 1.734 3
43 0.329 1
29 0.045 3
57 1.032 4
22 0.905 3
37 0.059 1
55 0.288 4
20 1.344 0
24 1.315 3
20 0.522 2
28 0.234 4
17 0.498 4
50 1.739 1
11 0.118 4
51 1.077 2
39 0.684 2
34 1.338 3
60 0.96 1
52 0.133 2
54 1.077 2
38 1.598 3
26 1.455 3
38 0.661 4
57 0.027 2
40 0.05 3
14 1.501 1
54 1.168 1
23 1.572 2
34 1.393 3
17 1.386 4
33 1.752 2
33 1.632 2
11 1.73 0
13 1.398 4
40 1.34 2
48 0.993 3
59 1.057 4
30 0.822 3
15 1.774 3
56 0.669 2
60 1.069 4
41 0.006 3
48 1.514 3
33 0.161 1
58 1.069 4
18 1.589 1
41 0.375 3
59 0.992 4
11 1.561 1
14 0.687 3
40 1.422 2
45 0.301 2
17 0.788 4
28 0.293 2
16 0.561 2
51 1.632 4
47 0.057 3
11 0.361 0
29 1.71 2
54 0.284 3
22 0.114 2
46 1.224 2
49 1.715 3
44 0.739 2
13 0.079 4
24 1.144 3
15 0.454 4
35 0.454 1
37 1.54 4
52 1.565 4
32 0.92 1
30 0.519 3
42 0.43 4
29 1.468 1
47 0.322 4
43 0.477 3
57 0.982 2
20 0.159 4
52 1.401 3
30 0.153 4
59 1.303 3
17 0.303 2
23 0.991 0
26 0.868 3
50 1.46 1
54 1.317 3
24 0.386 1
18 1.249 1
24 0.274 1
20 0.036 2
26 1.611 4
12 1.652 3
27 0.988 1
49 0.222 1
24 1.529 2
42 1.342 3
16 1.267 3
55 1.391 4
30 0.361 1
15 0.873 4
56 0.011 2
35 0.794 2
20 1.129 1
13 1.497 1
13 0.672 3
11 0.297 2
59 1.694 1
35 0.417 0
37 0.433 2
49 1.159 4
37 1.274 1
50 1.586 4
52 0.383 2
43 0.856 1
14 -0.009 3
29 1.774 2
15 0.512 1
34 0.214 2
60 1.668 3
24 0.504 2
13 1.233 3
42 0.156 2
48 0.255 3
58 0.174 1
10 0.907 4
30 0.773 2
59 1.115 2
30 0.005 3
17 1.057 2
19 0.787 4
39 0.402 1
56 1.628 3
50 1.231 0
13 0.035 2
23 1.212 1
14 0.912 3
28 0.152 4
38 1.442 3
18 1.399 3
51 1.113 3
41 0.233 4
17 1.164 2
54 1.737 4
16 0.182 2
27 0.23 4
24 1.71 2
16 1.478 3
57 0.866 2
39 1.525 3
34 1.261 4
59 0.049 3
32 1.031 4
22 0.528 3
30 1.719 3
12 0.176 3
17 1.571 3
45 1.381 1
26 1.634 0
25 1.039 1
50 0.683 1
47 0.003 3
37 1.587 3
35 1.175 2
33 1.471 4
53 0.832 4
29 0.89 4
18 0.079 2
22 0.88 1
56 0.274 2
19 0.163 3
31 0.628 2
48 0.776 1
24 0.483 1
12 1.034 4
25 0.362 4
36 0.259 3
36 0.128 4
55 0.907 1
26 0.235 3
33 0.836 1
51 0.885 2
54 0.618 4
43 1.523 0
20 0.61 2
48 1.691 2
21 0.447 2
33 0.857 1
43 0.369 4
22 0.485 4
57 1.43 1
24 0.384 2
25 1.375 3
23 0.07 3
25 0.289 1
47 0.054 1
28 1.053 1
31 0.953 1
59 0.291 4
31 0.007 2
45 1.18 4
38 1.001 1
57 1.553 4
12 0.583 2
18 0.702 3
25 1.747 3
23 1.665 1
39 0.428 1
25 1.734 0
29 1.11 2
60 0.76 4
36 0.459 2
27 0.795 2
16 0.939 4
40 0.126 1
58 0.19 2
42 1.696 3
17 0.967 2
29 0.654 4
52 0.11 3
54 0.249 4
52 0.433 3
41 1.093 4
56 1.579 2
16 1.203 1
60 0.128 2
51 0.759 4
57 1.525 2
18 1.591 1
58 1.466 2
56 1.796 1
18 0.203 4
